0 0
1 6
6 6
1.7 1.7
8.9 8.9
4.57 4.85
6.9 1
5689.789 5789087.789
1 5
2 6
789.89 890.690
12 56
67 89
690 790
345 908
567 567
123 123
5678.9 56790890056897895678.98067
5678956789567898.6548678436 56789375892.8679457
8965.567 890.1
5.1 6.7
67.3 78.9
45.8 890.3
678 34567
68903 56789
578934 56789
58703 6543256
09214 678954
6890432 456.678
57894321 7.89765
89054321 6.56789
890545 1234578
78901 456342
8905431 45678
67895431 123456
67894 34567
78432 5
098123 4567899
67890432 4567890
678 45678903
6901 567890
3452 54321065
1234 54321567
6789 3456789
321 4567890
6789 67890
321 56789
56789 0.23345567789906554
9087123 9876543
78541 1234598
768943 45678
6789431 5678923
8905671 890654
678941 765432
578900 4323567
789043 56788943
589032 567894
56 78
890 6543321.8756
5678 789.56788945
4321 3456789
4567 456789
58901 567432
5439 543278
8901 12376
5491 67834
543 2345
123 45690
456 5432
8903 67894
2341 43290
57894 6789
9871 4321
5671 5678
6783 5432
678 7890
34 68
12 45
43 45671
689 6785
9074 78943
37895 65432
54890 78943
4321 678543
7654907 78945
8976435 65432
78921 5433678
7895431 678
8 10
7 7
9 6
0.1 0.2
0.111111111 0.8976543
0.8907651879 0.890543
0.6789054321 0.67894
0.67894567 6789.7891
0.67890578 56798745
0.09875436789 0.68090432
0.6785431 0.89078854321
0.000000001 0.000000000003